10
5
-0.13177973884667638      	0.7079201363175147      	-0.48006082399414685      	-0.9987055181865119      	-0.9832802598488666      	-0.582818846837788      	-0.07545674095955146      	0.26439524674624204      	0.4634481062061704      	-0.501779438531589      	
-0.33645729877574415      	0.8751870533169648      	-0.44284181788468957      	-0.5578341759755805      	0.685035173659392      	-0.5420902492021085      	-0.42265277141290203      	-0.8099282900483142      	-0.6313768765294687      	0.109615162332108      	
0.7844752980850023      	0.49691285472780966      	0.7560683633226972      	0.8554129452384451      	-0.4988127709075343      	0.0483131779885595      	0.5001290626019599      	0.2625385525131343      	-0.6710554826931581      	0.33815498945247      	
-0.6152263931363868      	-0.22356921793477857      	-0.5552528806611414      	0.38705506829130276      	0.6384302918764728      	-0.8557287333034824      	-0.9201270273238762      	0.3439838673655302      	0.9655524655799037      	0.6835287321041632      	
-0.7220075187751829      	0.9083889891108008      	-0.1505542055576563      	-0.045161700373404834      	0.8839531958149711      	-0.5620390132767168      	-0.3652908537906443      	-0.5553905159107726      	0.3920379709266666      	0.20460637940219772      	
0.6011492755207071      	0.28668100740388347      	0.5859573302396042      	-0.5752119062623373      	0.5397470825909518      	-0.36592844197047136      	0.2599374749120513      	-0.17344078132273744      	0.7057482064714615      	0.5925344570801827      	
-0.14867296403467223      	0.7574508711397181      	0.7637574857059253      	0.21350467639907822      	0.4472210800379339      	-0.830226351699491      	-0.5764594923483461      	-0.17121077216852454      	-0.7050507110660735      	0.4699120825653904      	
-0.9777161815717403      	-0.5436865165804576      	-0.22334579314267278      	-0.1061034574059716      	0.4079570427480572      	0.5333539693065035      	0.34330918481553696      	0.16661190084591015      	0.09378564675402412      	0.12304388822768764      	
-0.6622754417145988      	0.3992913625413612      	-0.4079998273992529      	0.4575526141126165      	-0.6770621175132177      	0.7711868135938287      	-0.6846582344597931      	-0.846193315908311      	-0.5522928511224832      	-0.06619668807372658      	
-0.29312062044286624      	0.25457413821648567      	-0.4531611810154208      	-0.6797967597056367      	0.3218290092999634      	0.1592339427611238      	0.9715307253292806      	-0.914249827383661      	0.012428791865516153      	-0.18817580221972685      	
-0.6216263598433032      	0.01766312226730471      	-0.7270238545377246      	-0.006968145705352979      	0.41341501062952357      	-0.9795107872716582      	-0.6497063666480953      	-0.8322073615420997      	0.510257895516602      	-0.6633884064864564      	
-0.18675004447064758      	0.17398587177494673      	0.369208217994766      	-0.5355519732540979      	-0.4165139297955551      	0.09259228919146234      	-0.4836113658463934      	0.3312193226626421      	0.1470150671900472      	0.8843841563341541      	
0.905967287676134      	0.9878547804782631      	-0.6395096852433626      	-0.9096128839838367      	-0.04326177300752465      	-0.1152233347605427      	-0.6487479282139668      	-0.7057570354365794      	0.7371394846774397      	-0.7033942645831153      	
0.049707475055668304      	-0.9516208822876162      	0.16241230788762184      	0.3645521431497618      	-0.7549019760893638      	0.981174064473159      	-0.19769495031572681      	0.6613550498749814      	0.2550901545347597      	0.6971762847442984      	
-0.4661887819343662      	0.7626745600759259      	0.22440774693658105      	-0.38226325608155154      	-0.37207381653048777      	-0.3829216669335851      	0.2159325781408541      	-0.3400042593241228      	0.657164002557795      	0.09109648727476771      	
0.965173114116537      	0.23102014581203068      	0.9499467830638308      	0.5872333731992911      	0.4750607455825955      	-0.6991312482502288      	0.4374731270075234      	0.8869689239353449      	0.29553454422290604      	0.9991422579189095      	
-0.35290085185918696      	0.38265813853389474      	-0.9030360896544052      	0.718329842777029      	0.4508497518054073      	-0.8960670634607357      	-0.8467793971749413      	0.31690460979712953      	-0.274398383215791      	0.42796156090616044      	
-0.14202022129466219      	-0.7251056416698176      	0.3004528251322478      	0.5506710811648414      	0.2726333703463879      	0.3235187455110031      	-0.9470972185252893      	-0.5122894494209029      	-0.15875000226753588      	-0.12618881574528396      	
0.8956577207310352      	0.11060858356842385      	0.24519012996329215      	-0.8853154198742723      	0.4130291621693012      	-0.41929465210929706      	-0.7346580101614386      	0.39791429471722384      	-0.7803509574517253      	-0.31674995438435904      	
-0.2237670363676949      	-0.41780970459134625      	0.23126363710753717      	-0.4965584416086848      	-0.6503798183800962      	0.07791052967520784      	0.9382830924224803      	-0.008243715541145669      	0.915443045557202      	-0.0913309374283644      	
-0.9089782224514296      	-0.3588516784891449      	-0.07883644994079275      	-0.8084656588906227      	-0.5616238993036613      	0.42880037463593745      	0.9183987753237675      	0.5649921227160977      	-0.9413571156498888      	0.9283467938929617      	
-0.3218563975256372      	0.05982439072625212      	-0.25021189899480967      	0.2639218890175874      	-0.7593285438792843      	-0.47710234746227376      	-0.7229335074758738      	-0.823568927300063      	0.2897770590928601      	0.32266030636850007      	
-0.8293888862563077      	-0.9041052914305621      	-0.6622362810370681      	0.051949285536546874      	0.9057935097215917      	-0.6622030293575687      	-0.14016149909326847      	-0.20427122199225933      	-0.16199518825180315      	0.70651759286416      	
-0.20272979759860177      	0.15508898970470475      	0.8881683815211461      	-0.5021625891799937      	-0.019711894239205163      	-0.5270259014914864      	-0.6590494841392183      	0.197555506759171      	-0.37859839421361996      	-0.39695573788401317      	
0.6466587210321564      	0.20496664711464696      	0.31745734139879334      	0.24789770222281593      	-0.06496936387430874      	-0.5553924144867732      	-0.2132065674864101      	0.8779567626752163      	0.6264255333788815      	-0.5075624135575969      	
-0.7259669567307405      	0.9023882798954874      	-0.8698143423678748      	-0.8294051537986931      	0.29895992918138536      	-0.5518710704705587      	-0.592407584288978      	0.5602129422849211      	-0.9945559156717632      	0.8939089636671609      	
-0.5720672388953452      	-0.10345627222487397      	-0.3487688167446086      	0.5715984818434987      	-0.9559725967739294      	0.15152918052190967      	-0.5963628358633595      	-0.39797541415977755      	0.4330713827209398      	-0.74996548467965      	
-0.8447807234147111      	-0.08668961534710062      	0.2961337753531199      	0.260113500174306      	-0.3454776632577172      	0.19578440768277727      	-0.33044976880551813      	0.7199079345233277      	0.2717233436268869      	-0.9156239065768008      	
0.40292878249316955      	0.820591658505399      	-0.474526133415923      	0.017925894148517196      	0.8468392490682284      	-0.6879387817425557      	-0.5332078093678656      	0.7416988885510143      	0.7136792376216428      	0.1294792009013015      	
0.699988168408934      	-0.9315880472036051      	-0.3682886420705054      	0.7463028667106653      	-0.5154177301865615      	-0.989202001809578      	-0.2653774031646905      	0.43047528365217747      	0.33081261656213123      	0.07534683257954145      	
-0.20260626192869213      	0.016634510323803475      	0.6132473519652382      	-0.9143184649195308      	0.8918146904099804      	-0.6956683379488331      	-0.531162263071258      	-0.7978075885186611      	-0.7044649532345426      	-0.31176460905321934      	
-0.012903141612019997      	0.38287398937794537      	-0.5900906495496825      	0.26465615132055254      	-0.18644685035522168      	0.21068218949603135      	0.5237959014773366      	0.8417709640915441      	0.2891280468997657      	0.09623664677903676      	
0.8096350569306303      	-0.9736314482297319      	0.4718445976035328      	0.8125099047320159      	0.2650208919029122      	-0.13180244705507427      	0.3541368680355106      	-0.45189681392307457      	0.08124354758276309      	-0.8645287761667326      	
-0.7058066861529462      	0.06085369517579231      	0.1123212755225047      	-0.47399759008420816      	0.07251433614903613      	-0.8044039225725925      	-0.05738903204693946      	-0.38808113718920323      	-0.45345180187402523      	-0.19675575066123363      	
-0.22472713225266983      	0.3589129619987299      	-0.5817388439781281      	0.03558097645804925      	0.352430110172649      	0.9824217513941611      	-0.8226084754582972      	-0.909865422081547      	-0.5889570160066795      	0.2588619465101534      	
0.738553439414755      	0.6128979488005841      	-0.22091439466254625      	-0.061602246946010686      	0.5993463395324075      	0.7722523261979326      	0.5011357463929123      	-0.8039916695425107      	-0.13524726046133195      	0.37455879387347757      	
-0.34912533749237307      	-0.040624490098399635      	0.9323270329113595      	-0.6845975618999054      	-0.2768815448813169      	0.24780429730969034      	0.7781084576263635      	0.4828419630880951      	-0.29462389358006047      	0.8141359326408852      	
0.40893205586886383      	-0.13136905339292837      	0.8298089968811231      	-0.32737905945095447      	-0.0998923576524482      	0.28079644578386587      	0.6485167303228911      	-0.18647836156628284      	-0.8553513571209874      	0.7616743628943972      	
-0.3516336745814097      	-0.9200619314233798      	0.18365286319655483      	-0.49687182523648765      	-0.2908710717687524      	0.48408019539085645      	-0.13738364301089878      	0.8552838045958897      	0.6581827980658712      	-0.2827244489200089      	
0.6498420076266878      	-0.037827941807918375      	0.4021735593105371      	-0.6083082519473777      	-0.8115316987325962      	-0.5219215918550242      	-0.39834660446744286      	-0.7120886275616314      	0.4370269636574513      	-0.01057556822241601      	
-0.1720199441423178      	0.24439171376154278      	0.48983281128267087      	-0.584182774225642      	-0.9060955756604159      	-0.43124674439959887      	0.7308004109122213      	0.6648473432858435      	-0.464733674705895      	-0.6630057913529146      	
-0.3954636212001066      	-0.7781258284165873      	0.7538032649074782      	0.12599062451592946      	-0.24159971375422873      	0.5413152133196826      	-0.44831269256783846      	-0.45611520058282395      	0.42060441846132846      	-0.8708739494210487      	
0.92353431145429      	0.16363632589832688      	-0.3219204714210564      	0.07224954123969352      	-0.2641578923779142      	0.9775870622002607      	-0.9088082846309828      	0.4428759721582469      	-0.49558770998700075      	0.014191059709315113      	
0.09771494096507438      	0.2647631711233107      	0.38859022868159654      	-0.4511657468341119      	0.6725085833838467      	0.6009186417507393      	0.5659059554182682      	-0.14718032363343947      	-0.10166659772414666      	0.8293919847886773      	
-0.7368038928819445      	-0.8695073298477416      	0.8503154423629977      	0.7377681668861238      	0.45149006661339564      	-0.049763587829399825      	-0.9821329829892054      	-0.7612126097148233      	-0.9907138124630377      	-0.642332831234022      	
0      	0      	0      	0      	0      	0      	0      	0      	0      	0      	
0      	0      	0      	0      	0      	0      	0      	0      	0      	0      	
0      	0      	0      	0      	0      	0      	0      	0      	0      	0      	
0      	0      	0      	0      	0      	0      	0      	0      	0      	0      	
0      	0      	0      	0      	0      	0      	0      	0      	0      	0      	
0.11072056239015818      	0.040421792618629174      	0.10896309314586995      	0.16695957820738136      	0.14411247803163443      	0.0421792618629174      	0.13005272407732865      	0.10896309314586995      	0.08611599297012303      	0.061511423550087874      	
0.0      	0.10579345088161209      	0.2141057934508816      	0.18639798488664988      	0.055415617128463476      	0.015113350125944584      	0.11083123425692695      	0.181360201511335      	0.04030226700251889      	0.0906801007556675      	
0.13419117647058823      	0.09375      	0.17279411764705882      	0.16544117647058823      	0.0974264705882353      	0.025735294117647058      	0.003676470588235294      	0.16727941176470587      	0.10845588235294118      	0.03125      	
0.10914454277286136      	0.1592920353982301      	0.21238938053097345      	0.017699115044247787      	0.13274336283185842      	0.017699115044247787      	0.20353982300884957      	0.061946902654867256      	0.07079646017699115      	0.014749262536873156      	
0.06036745406824147      	0.17060367454068243      	0.031496062992125984      	0.06299212598425197      	0.2335958005249344      	0.05249343832020997      	0.049868766404199474      	0.007874015748031496      	0.11548556430446194      	0.2152230971128609      	
0.022222222222222223      	0.06296296296296296      	0.17592592592592593      	0.08148148148148149      	0.10925925925925926      	0.08888888888888889      	0.05185185185185185      	0.17407407407407408      	0.08148148148148149      	0.15185185185185185      	
0.12915129151291513      	0.17712177121771217      	0.023985239852398525      	0.07380073800738007      	0.09040590405904059      	0.07749077490774908      	0.11992619926199262      	0.046125461254612546      	0.09225092250922509      	0.16974169741697417      	
0.030732860520094562      	0.03546099290780142      	0.014184397163120567      	0.19858156028368795      	0.1276595744680851      	0.07328605200945626      	0.03546099290780142      	0.2033096926713948      	0.19858156028368795      	0.08274231678486997      	
0.013550135501355014      	0.21138211382113822      	0.25203252032520324      	0.1002710027100271      	0.051490514905149054      	0.02168021680216802      	0.08130081300813008      	0.013550135501355014      	0.17886178861788618      	0.07588075880758807      	
0.1747787610619469      	0.008849557522123894      	0.0752212389380531      	0.18805309734513273      	0.05530973451327434      	0.046460176991150445      	0.15486725663716813      	0.015486725663716814      	0.09734513274336283      	0.1836283185840708      	
0.1761786600496278      	0.01488833746898263      	0.22580645161290322      	0.0024813895781637717      	0.20843672456575682      	0.02481389578163772      	0.004962779156327543      	0.24069478908188585      	0.04962779156327544      	0.052109181141439205      	
0.20125786163522014      	0.03563941299790356      	0.10482180293501048      	0.0880503144654088      	0.16771488469601678      	0.07547169811320754      	0.0859538784067086      	0.025157232704402517      	0.08176100628930817      	0.13417190775681342      	
0.22272727272727272      	0.1409090909090909      	0.14545454545454545      	0.011363636363636364      	0.05227272727272727      	0.05      	0.11136363636363636      	0.22727272727272727      	0.015909090909090907      	0.022727272727272728      	
0.05865921787709497      	0.16759776536312848      	0.002793296089385475      	0.0223463687150838      	0.2346368715083799      	0.1452513966480447      	0.08379888268156424      	0.19273743016759776      	0.008379888268156424      	0.08379888268156424      	
0.06868686868686869      	0.12121212121212122      	0.04040404040404041      	0.1494949494949495      	0.11515151515151516      	0.1919191919191919      	0.1414141414141414      	0.050505050505050504      	0.06464646464646465      	0.05656565656565657      	
0.01834862385321101      	0.13990825688073394      	0.10321100917431193      	0.13761467889908258      	0.1536697247706422      	0.022935779816513763      	0.045871559633027525      	0.1811926605504587      	0.09403669724770643      	0.10321100917431193      	
0.18640776699029127      	0.02330097087378641      	0.1883495145631068      	0.03300970873786408      	0.18640776699029127      	0.11067961165048544      	0.03300970873786408      	0.05436893203883495      	0.06601941747572816      	0.11844660194174757      	
0.148479427549195      	0.13953488372093023      	0.03935599284436494      	0.1001788908765653      	0.13774597495527727      	0.06082289803220036      	0.07513416815742398      	0.12164579606440072      	0.08407871198568873      	0.09302325581395349      	
0.13274336283185842      	0.07610619469026549      	0.14690265486725665      	0.168141592920354      	0.02831858407079646      	0.023008849557522124      	0.10265486725663717      	0.13274336283185842      	0.16106194690265488      	0.02831858407079646      	
0.10286677908937605      	0.06239460370994941      	0.021922428330522766      	0.02023608768971332      	0.10961214165261383      	0.16863406408094436      	0.14839797639123103      	0.10623946037099494      	0.10286677908937605      	0.15682967959527824      	
0.06334841628959276      	0.22171945701357465      	0.038461538461538464      	0.033936651583710405      	0.11312217194570136      	0.004524886877828055      	0.16968325791855204      	0.10633484162895927      	0.16063348416289594      	0.08823529411764706      	
0.1111111111111111      	0.16029143897996356      	0.01639344262295082      	0.04918032786885246      	0.09836065573770492      	0.16393442622950818      	0.061930783242258654      	0.1111111111111111      	0.11293260473588343      	0.11475409836065574      	
0.13636363636363635      	0.12554112554112554      	0.06926406926406926      	0.025974025974025976      	0.20995670995670995      	0.1645021645021645      	0.008658008658008658      	0.11904761904761904      	0.02813852813852814      	0.11255411255411256      	
0.12287334593572778      	0.12098298676748583      	0.15311909262759923      	0.1285444234404537      	0.007561436672967864      	0.06049149338374291      	0.06049149338374291      	0.07939508506616257      	0.1720226843100189      	0.0945179584120983      	
0.15990453460620524      	0.031026252983293555      	0.11694510739856802      	0.16706443914081145      	0.15035799522673032      	0.07637231503579953      	0.07159904534606205      	0.1288782816229117      	0.07398568019093078      	0.02386634844868735      	
0.16241299303944315      	0.12529002320185614      	0.08352668213457076      	0.0765661252900232      	0.02320185614849188      	0.08352668213457076      	0.12529002320185614      	0.19489559164733178      	0.030162412993039442      	0.0951276102088167      	
0.14285714285714285      	0.1684981684981685      	0.152014652014652      	0.10073260073260074      	0.047619047619047616      	0.023809523809523808      	0.14835164835164835      	0.11904761904761904      	0.04395604395604396      	0.05311355311355311      	
0.1348314606741573      	0.018726591760299626      	0.14794007490636704      	0.16853932584269662      	0.0449438202247191      	0.16666666666666666      	0.02247191011235955      	0.028089887640449437      	0.18352059925093633      	0.08426966292134831      	
0.017191977077363897      	0.1318051575931232      	0.04297994269340974      	0.014326647564469915      	0.17478510028653296      	0.03151862464183381      	0.07163323782234957      	0.04871060171919771      	0.2148997134670487      	0.2521489971346705      	
0.024229074889867842      	0.004405286343612335      	0.037444933920704845      	0.08370044052863436      	0.21145374449339208      	0.20704845814977973      	0.1013215859030837      	0.07929515418502203      	0.09691629955947137      	0.15418502202643172      	
0.1218568665377176      	0.07543520309477757      	0.1470019342359768      	0.030947775628626693      	0.08317214700193423      	0.1644100580270793      	0.12959381044487428      	0.1102514506769826      	0.0367504835589942      	0.10058027079303675      	
0.09827586206896552      	0.06724137931034482      	0.1413793103448276      	0.09827586206896552      	0.12586206896551724      	0.13448275862068965      	0.13620689655172413      	0.0034482758620689655      	0.16551724137931034      	0.029310344827586206      	
0.1103448275862069      	0.07310344827586207      	0.11448275862068966      	0.0896551724137931      	0.07172413793103448      	0.13241379310344828      	0.1310344827586207      	0.027586206896551724      	0.12689655172413794      	0.12275862068965518      	
0.11392405063291139      	0.07341772151898734      	0.08354430379746836      	0.07341772151898734      	0.02278481012658228      	0.13670886075949368      	0.08860759493670886      	0.20759493670886076      	0.11139240506329114      	0.08860759493670886      	
0.06198347107438017      	0.04338842975206612      	0.047520661157024795      	0.026859504132231406      	0.11983471074380166      	0.18388429752066116      	0.1322314049586777      	0.17148760330578514      	0.10950413223140495      	0.10330578512396695      	
0.05463182897862233      	0.16864608076009502      	0.047505938242280284      	0.14251781472684086      	0.028503562945368172      	0.05938242280285035      	0.20190023752969122      	0.22802850356294538      	0.004750593824228029      	0.06413301662707839      	
0.015355086372360844      	0.030710172744721688      	0.07677543186180422      	0.15930902111324377      	0.11132437619961612      	0.0671785028790787      	0.1324376199616123      	0.1785028790786948      	0.18234165067178504      	0.046065259117082535      	
0.08947368421052632      	0.034210526315789476      	0.07631578947368421      	0.07105263157894737      	0.11052631578947368      	0.06578947368421052      	0.22894736842105262      	0.25263157894736843      	0.031578947368421054      	0.039473684210526314      	
0.1641025641025641      	0.0735042735042735      	0.15213675213675212      	0.1675213675213675      	0.09914529914529914      	0.017094017094017096      	0.05641025641025641      	0.07863247863247863      	0.1111111111111111      	0.08034188034188035      	
0.16257088846880907      	0.17391304347826086      	0.020793950850661626      	0.13988657844990549      	0.054820415879017016      	0.005671077504725898      	0.026465028355387523      	0.11531190926275993      	0.11342155009451796      	0.18714555765595464      	
0.11267605633802817      	0.06438631790744467      	0.018108651911468814      	0.14285714285714285      	0.13480885311871227      	0.12474849094567404      	0.008048289738430584      	0.16700201207243462      	0.19517102615694165      	0.03219315895372234      	
0.012965964343598054      	0.14424635332252836      	0.07293354943273905      	0.1539708265802269      	0.1085899513776337      	0.1312803889789303      	0.11345218800648298      	0.04862236628849271      	0.07617504051863858      	0.13776337115072934      	
0.13821138211382114      	0.19308943089430894      	0.13211382113821138      	0.014227642276422764      	0.17682926829268292      	0.1016260162601626      	0.09146341463414634      	0.046747967479674794      	0.09552845528455285      	0.01016260162601626      	
0.11529411764705882      	0.19294117647058823      	0.09176470588235294      	0.009411764705882352      	0.03529411764705882      	0.05411764705882353      	0.21176470588235294      	0.15294117647058825      	0.047058823529411764      	0.08941176470588236      	
0.016574585635359115      	0.14548802946593      	0.14732965009208104      	0.10865561694290976      	0.12338858195211787      	0.09208103130755065      	0.020257826887661142      	0.13259668508287292      	0.06629834254143646      	0.14732965009208104      	
0      	0      	0      	0      	0      	0      	0      	0      	0      	1      	
0      	0      	0      	0      	0      	0      	0      	0      	0      	1      	
0      	0      	0      	0      	0      	0      	0      	0      	0      	1      	
0      	0      	0      	0      	0      	0      	0      	0      	0      	1      	
0      	0      	0      	0      	0      	0      	0      	0      	0      	1      	
0.8215290591550473
episodic
